%YAML:1.0
---
ProjectionError: 5.6192573254668154e-01
CameraMat: !!opencv-matrix
   rows: 3
   cols: 3
   dt: d
   data: [ 6.9620964386784192e+02, 0., 6.3994352412109470e+02, 0.,
       6.9651008956818282e+02, 5.0653642021504004e+02, 0., 0., 1. ]
DistCoeff: !!opencv-matrix
   rows: 1
   cols: 5
   dt: d
   data: [ -2.4590803309924608e-01, 1.1603056754223058e-01,
       9.9426443783199757e-05, 2.3356125019322467e-04,
       -3.6814468458481429e-02 ]
ImageSize: [ 1280, 1024 ]
